3,2
3,1
3,3
10,194
10,264
10,24
10,310
10,20
10,170
10,280
11,30
11,8
9,6
9,4
8,10
8,17
8,11
8,6
8,15
8,2
8,3
50,4
50,3
50,2
50,1
50,0
49,3
49,2
49,1
49,0
48,4
48,3
48,2
48,1
48,0
44,4
44,3
44,2
44,1
44,0
43,4
43,3
43,2
43,1
43,0
41,5
41,4
41,3
41,2
41,1
41,0
38,5
38,4
38,3
38,2
38,1
38,0
36,5
36,4
36,3
36,2
36,1
14,3
27,4
13,1
27,3
13,3
27,1
24,3
24,1
20,3
20,2
20,1
19,3
19,2
19,1
18,3
18,1
14,1
12,3
12,2
12,1
11,29
11,27
11,26
11,25
11,24
11,23
2,2
11,22
2,1
2,3
11,21
11,19
11,18
11,17
11,16
11,15
11,14
11,13
11,11
11,10
11,9
11,6
11,5
11,3
11,2
11,1
10,317
